 86770833333333335E-003	 93150001313495948E-002	 34914436253847478E-005	-53340759273359417E-001	 83997056275177770E-002
 25368749999999999E-002	 27945000394048786E-001	 34914436253847478E-005	-53340759273359417E-001	 11601718296394810E+000
 42062500000000003E-002	 46575000656747978E-001	 34914436253847478E-005	-53340759273359417E-001	 34046250979930264E+000
 58752083333333337E-002	 69861755904324385E-001	 34914436253847478E-005	-53340759273359417E-001	 68342742933892140E+000
 75445833333333337E-002	 88491756167023572E-001	 34914436253847478E-005	-53340759273359417E-001	 11407944574512371E+001
 92135416666666664E-002	 10712101134892518E+000	 34914436253847478E-005	-53340759273359417E-001	 17179313611004879E+001
 10882916666666667E-001	 13040851167729917E+000	 34914436253847478E-005	-53340759273359417E-001	 24156985968459598E+001
 12552083333333333E-001	 14903776685920078E+000	 34914436253847478E-005	-53340759273359417E-001	 32335961968453397E+001
 14221249999999999E-001	 16766776712189997E+000	 34914436253847478E-005	-53340759273359417E-001	 41745816103091528E+001
 15890416666666668E-001	 18629776738459916E+000	 34914436253847478E-005	-53340759273359417E-001	 52336705261057240E+001
 17559374999999999E-001	 20958452263217557E+000	 58618100893549248E-003	-53340759273359417E-001	 64124250433815845E+001
 19228541666666665E-001	 22821452289487478E+000	 58618100893549248E-003	-53340759273359417E-001	 77120096675425643E+001
 20897916666666666E-001	 24684377807677635E+000	 58618100893549248E-003	-53340759273359417E-001	 91294824843127714E+001
 22567083333333332E-001	 27013127840515034E+000	 58618100893549248E-003	-53340759273359417E-001	 10670824331763855E+002
 24236250000000001E-001	 28876127866784955E+000	 58618100893549248E-003	-53340759273359417E-001	 12333234898225540E+002
 25905416666666664E-001	 30739053384975117E+000	 58618100893549248E-003	-53340759273359417E-001	 14114418645641004E+002
 27574583333333336E-001	 33067803417812516E+000	 58618100893549248E-003	-53340759273359417E-001	 10459284232767056E+001
 29243958333333331E-001	 34930728936002677E+000	 58618100893549248E-003	-53340759273359417E-001	 30810448151794297E+001
 30913125000000002E-001	 36793728962272594E+000	 58618100893549248E-003	-53340759273359417E-001	 52300569773717172E+001
 32582499999999998E-001	 38656728988542515E+000	 58618100893549248E-003	-53340759273359417E-001	 74756409989709539E+001
 34251458333333334E-001	 40985404513300159E+000	 58618100893549248E-003	-53340759273359417E-001	 98245345152420882E+001
 35920625000000000E-001	 42848404539570071E+000	 58618100893549248E-003	-53340759273359417E-001	 12321699035758157E+002
 37577708333333332E-001	 44711330057760232E+000	 58618100893549248E-003	-53340759273359417E-001	 14935892968755959E+002
 39180416666666668E-001	 46574330084030153E+000	 58618100893549248E-003	-53340759273359417E-001	 26052252464190822E+001
 40783124999999998E-001	 48903005608787797E+000	 58618100893549248E-003	-53340759273359417E-001	 53490874906060213E+001
 42385208333333335E-001	 50766005635057718E+000	 58618100893549248E-003	-53340759273359417E-001	 82029675271733950E+001
 43987916666666665E-001	 52629005661327630E+000	 58618100893549248E-003	-53340759273359417E-001	 11167340624535069E+002
 45590625000000001E-001	 54491931179517792E+000	 58618100893549248E-003	-53340759273359417E-001	 14241810865382141E+002
 47193333333333332E-001	 56354931205787713E+000	 58618100893549248E-003	-53340759273359417E-001	 24513274664975910E+001
 48796041666666667E-001	 58217931232057634E+000	 58618100893549248E-003	-53340759273359417E-001	 57454065843326553E+001
 50398541666666663E-001	 60080856750247795E+000	 58618100893549248E-003	-53340759273359417E-001	 91551366965465917E+001
 52001041666666670E-001	 61943856776517716E+000	 58618100893549248E-003	-53340759273359417E-001	 12670837359501604E+002
 53603749999999994E-001	 64272532301275351E+000	 58618100893549248E-003	-53340759273359417E-001	 13258310638668954E+001
 55206250000000001E-001	 66135532327545272E+000	 34914436253847478E-005	-53340759273359417E-001	 50640142314306793E+001
 56808749999999997E-001	 67998532353815193E+000	 34914436253847478E-005	-53340759273359417E-001	 89149553191437363E+001
 58411041666666663E-001	 69861457872005355E+000	 34914436253847478E-005	-53340759273359417E-001	 12880351825960571E+002
 60013749999999999E-001	 71724457898275276E+000	 34914436253847478E-005	-53340759273359417E-001	 19785336336028816E+001
 61616458333333335E-001	 73587383416465428E+000	 34914436253847478E-005	-53340759273359417E-001	 61625258937929644E+001
 63218958333333330E-001	 75450383442735349E+000	 34914436253847478E-005	-53340759273359417E-001	 10452437294149077E+002
 64821666666666666E-001	 77313383469005270E+000	 58618100893549248E-003	-53340759273359417E-001	 14861122769555928E+002
 66424583333333331E-001	 79642058993762914E+000	 58618100893549248E-003	-53340759273359417E-001	 43993987697166261E+001
 68026666666666669E-001	 81505059020032835E+000	 58618100893549248E-003	-53340759273359417E-001	 90255705918158895E+001
 69629375000000004E-001	 83367984538222988E+000	 58618100893549248E-003	-53340759273359417E-001	 13765147269094095E+002
 71232291666666669E-001	 85230984564492918E+000	 58618100893549248E-003	-53340759273359417E-001	 36423023892237715E+001
 72835625000000004E-001	 87093984590762830E+000	 58618100893549248E-003	-53340759273359417E-001	 86053109903172881E+001
 74437708333333330E-001	 88956910108952982E+000	 58618100893549248E-003	-53340759273359417E-001	 13673343014068794E+002
 76040208333333337E-001	 90819910135222912E+000	 58618100893549248E-003	-53340759273359417E-001	 38771226495085088E+001
 77642708333333332E-001	 92682910161492824E+000	 58618100893549248E-003	-53340759273359417E-001	 91689325567167430E+001
 79245208333333328E-001	 95011585686250477E+000	 58618100893549248E-003	-53340759273359417E-001	 14574439074117299E+002
 80848125000000004E-001	 96874585712520389E+000	 58618100893549248E-003	-53340759273359417E-001	 51139142296663280E+001
 82450416666666670E-001	 98737511230710542E+000	 58618100893549248E-003	-53340759273359417E-001	 10738303729087669E+002
 84052916666666666E-001	 10060051125698047E+001	 34914436253847478E-005	-53340759273359417E-001	 15009772815029699E+001
 85655625000000002E-001	 10246351128325038E+001	 34914436253847478E-005	-53340759273359417E-001	 73486892337434099E+001
 87258124999999997E-001	 10432643680144055E+001	 34914436253847478E-005	-53340759273359417E-001	 13306245244149267E+002
 88860833333333333E-001	 10618943682771047E+001	 34914436253847478E-005	-53340759273359417E-001	 44019316346345505E+001
 90463333333333329E-001	 10805236234590064E+001	 34914436253847478E-005	-53340759273359417E-001	 10584846794847188E+002
 92066041666666665E-001	 11038111237873803E+001	 34914436253847478E-005	-53340759273359417E-001	 18991547557553616E+001
 93668541666666671E-001	 11224411240500794E+001	 58618100893549248E-003	-53340759273359417E-001	 83019076817770639E+001
 95270833333333338E-001	 11410703792319811E+001	 58618100893549248E-003	-53340759273359417E-001	 14817444568521921E+002
 96873750000000003E-001	 11597003794946803E+001	 58618100893549248E-003	-53340759273359417E-001	 64648684680554652E+001
 98476249999999999E-001	 11783296346765820E+001	 58618100893549248E-003	-53340759273359417E-001	 13201359344779522E+002
 10007812500000000E+000	 11969596349392811E+001	 58618100893549248E-003	-53340759273359417E-001	 50577001187181942E+001
 10168083333333333E+000	 12155896352019802E+001	 58618100893549248E-003	-53340759273359417E-001	 12017634486636946E+002
 10328312500000001E+000	 12342188903838819E+001	 58618100893549248E-003	-53340759273359417E-001	 41104613911349929E+001
 10488583333333332E+000	 12575063907122559E+001	 58618100893549248E-003	-53340759273359417E-001	 11296415422987734E+002
 10648833333333334E+000	 12761356458941574E+001	 58618100893549248E-003	-53340759273359417E-001	 36060192641236327E+001
 10809104166666668E+000	 12947656461568567E+001	 58618100893549248E-003	-53340759273359417E-001	 11002828349060698E+002
 10969416666666667E+000	 13133956464195558E+001	 58618100893549248E-003	 75909122609084969E-015	 35383296422527330E+001
 11129666666666667E+000	 13320249016014575E+001	 58618100893549248E-003	-53340759273359417E-001	 11157038671749827E+002
 11289958333333334E+000	 13506549018641566E+001	 34914436253847478E-005	-53340759273359417E-001	 39160157553891395E+001
 11450250000000000E+000	 13692841570460583E+001	 34914436253847478E-005	-53340759273359417E-001	 11764332571672004E+002
 11610520833333333E+000	 13879141573087574E+001	 34914436253847478E-005	-53340759273359417E-001	 47359321704370537E+001
 11770812500000001E+000	 14112016576371314E+001	 34914436253847478E-005	 75909122609084969E-015	 12800181113495236E+002
 11931062500000000E+000	 14298309128190331E+001	 34914436253847478E-005	 75909122609084969E-015	 60013796139575447E+001
 12091395833333334E+000	 14484609130817322E+001	 34914436253847478E-005	-53340759273359417E-001	 14292960475877740E+002
 12251666666666667E+000	 14670901682636339E+001	 34914436253847478E-005	 75909122609084969E-015	 77236491334948752E+001
 12411916666666667E+000	 14857201685263330E+001	 34914436253847478E-005	-53340759273359417E-001	 12554374692728679E+001
 12572145833333332E+000	 15043501687890322E+001	 34914436253847478E-005	 75909122609084969E-015	 98594406751469180E+001
 12732416666666666E+000	 15229794239709339E+001	 34914436253847478E-005	-53340759273359417E-001	 36158809300384625E+001
 12892687500000000E+000	 15462669242993078E+001	 34914436253847478E-005	-53340759273359417E-001	 12451801933949601E+002
 13052958333333333E+000	 15648961794812095E+001	 58618100893549248E-003	-53340759273359417E-001	 64368711629829079E+001
 13213291666666667E+000	 15835261797439086E+001	 58618100893549248E-003	-53340759273359417E-001	 52632118248614272E+000
 13373645833333334E+000	 16021561800066078E+001	 58618100893549248E-003	 75909122609084969E-015	 97140010524415288E+001
 13533958333333334E+000	 16207854351885093E+001	 58618100893549248E-003	-53340759273359417E-001	 40218904701126036E+001
 13694187499999999E+000	 16394154354512086E+001	 58618100893549248E-003	 75909122609084969E-015	 13411231897069888E+002
 13854458333333333E+000	 16580454357139079E+001	 58618100893549248E-003	 75909122609084969E-015	 79410164535298478E+001
 14014708333333334E+000	 16766746908958094E+001	 34914436253847478E-005	-53340759273359417E-001	 25813891803479397E+001
 14174979166666666E+000	 16999621912241835E+001	 34914436253847478E-005	-53340759273359417E-001	 12307395272635198E+002
 14335249999999999E+000	 17185914464060851E+001	 34914436253847478E-005	-53340759273359417E-001	 71727307290216245E+001
 14495541666666667E+000	 17372214466687844E+001	 34914436253847478E-005	-53340759273359417E-001	 21437737598815595E+001
 14655833333333332E+000	 17558514469314833E+001	 34914436253847478E-005	-53340759273359417E-001	 12218854359741937E+002
 14816104166666666E+000	 17744807021133852E+001	 34914436253847478E-005	-53340759273359417E-001	 74168818969149129E+001
 14976479166666667E+000	 17931107023760841E+001	 58618100893549248E-003	-53340759273359417E-001	 27303418217606986E+001
 15136791666666667E+000	 18117399575579856E+001	 58618100893549248E-003	-53340759273359417E-001	 13118906449830669E+002
 15297104166666666E+000	 18303699578206849E+001	 58618100893549248E-003	-53340759273359417E-001	 86506067245091771E+001
 15457354166666666E+000	 18536574581490591E+001	 58618100893549248E-003	-53340759273359417E-001	 42903766101792101E+001
 15617666666666667E+000	 18722867133309606E+001	 58618100893549248E-003	-53340759273359417E-001	 15026657221376738E+002
 15777874999999999E+000	 18909167135936599E+001	 58618100893549248E-003	-53340759273359417E-001	 10891669577200624E+002
 15938166666666667E+000	 19095459687755614E+001	 58618100893549248E-003	-53340759273359417E-001	 68699237272708629E+001
 16098458333333334E+000	 19281759690382607E+001	 58618100893549248E-003	-53340759273359417E-001	 29569655599514661E+001
 16258729166666666E+000	 19468059693009597E+001	 58618100893549248E-003	-53340759273359417E-001	 14131415317037244E+002
 16419020833333333E+000	 19654352244828615E+001	 58618100893549248E-003	-53340759273359417E-001	 10432912228319698E+002
 16579291666666667E+000	 19840652247455605E+001	 58618100893549248E-003	-53340759273359417E-001	 68493249068768222E+001
 16739604166666666E+000	 20073519799931368E+001	 58618100893549248E-003	-53340759273359417E-001	 33667113076859437E+001
 16899916666666666E+000	 20259819802558361E+001	 58618100893549248E-003	-53340759273359417E-001	 14981596522922501E+002
 17060249999999999E+000	 20446119805185354E+001	 58618100893549248E-003	-53340759273359417E-001	 11739485673109569E+002
 17220645833333332E+000	 20632412357004370E+001	 58618100893549248E-003	-53340759273359417E-001	 86142018904607241E+001
 17381000000000000E+000	 20818712359631363E+001	 58618100893549248E-003	-53340759273359417E-001	 55918582286782907E+001
 17541270833333333E+000	 21005004911450378E+001	 58618100893549248E-003	-53340759273359417E-001	 26770204497558041E+001
 17701562500000001E+000	 21191304914077371E+001	 58618100893549248E-003	-53340759273359417E-001	 14845713846712681E+002
 17861854166666666E+000	 21377604916704360E+001	 58618100893549248E-003	-53340759273359417E-001	 12162030307025742E+002
 18022187500000000E+000	 21610472469180127E+001	 58618100893549248E-003	-53340759273359417E-001	 95754082565919987E+001
 18182458333333333E+000	 21796772471807117E+001	 58618100893549248E-003	-53340759273359417E-001	 71103788659858338E+001
 18342687499999999E+000	 21983065023626132E+001	 58618100893549248E-003	-53340759273359417E-001	 47481629697645019E+001
 18502937500000001E+000	 22169365026253125E+001	 58618100893549248E-003	-53340759273359417E-001	 24797406942984747E+001
 18663229166666666E+000	 22355665028880118E+001	 58618100893549248E-003	-53340759273359417E-001	 34416937990322771E+000
 18823520833333334E+000	 22541957580699133E+001	 58618100893549248E-003	-53340759273359417E-001	 13292408534924380E+002
 18983833333333333E+000	 22728257583326126E+001	 58618100893549248E-003	-53340759273359417E-001	 11372288937833081E+002
 19144145833333333E+000	 22914557585953119E+001	 58618100893549248E-003	-53340759273359417E-001	 95685062751300848E+001
 19304437500000000E+000	 23147425138428883E+001	 58618100893549248E-003	-53340759273359417E-001	 78692604786971273E+001
 19464770833333334E+000	 23333725141055872E+001	 58618100893549248E-003	-53340759273359417E-001	 62862812065170850E+001
 19625083333333333E+000	 23520017692874891E+001	 34914436253847478E-005	-53340759273359417E-001	 48149478772767281E+001
 19785416666666666E+000	 23706317695501880E+001	 34914436253847478E-005	-53340759273359417E-001	 34554564658528875E+001
 19945791666666666E+000	 23892617698128873E+001	 34914436253847478E-005	-53340759273359417E-001	 22138469324785131E+001
 20106062499999999E+000	 24078910249947889E+001	 34914436253847478E-005	-53340759273359417E-001	 10765030745908135E+001
 20266520833333335E+000	 24265210252574882E+001	 34914436253847478E-005	-53340759273359417E-001	 60553834054651023E-001
 20426895833333334E+000	 24498077805050645E+001	 34914436253847478E-005	-53340759273359417E-001	 14119643860021611E+002
 20587249999999999E+000	 24684377807677638E+001	 34914436253847478E-005	-53340759273359417E-001	 13322522949829715E+002
 20747562500000001E+000	 24870677810304628E+001	 34914436253847478E-005	-53340759273359417E-001	 12637414450567883E+002
 20907812500000000E+000	 25056970362123646E+001	 34914436253847478E-005	-53340759273359417E-001	 12040271903974703E+002
 21068166666666666E+000	 25243270364750636E+001	 34914436253847478E-005	-53340759273359417E-001	 11569805237816678E+002
 21228437499999999E+000	 25429562916569655E+001	 34914436253847478E-005	-53340759273359417E-001	 11205891905972710E+002
 21388770833333335E+000	 25615862919196644E+001	 34914436253847478E-005	-53340759273359417E-001	 10954275028485930E+002
 21549062499999998E+000	 25802162921823637E+001	 58618100893549248E-003	-53340759273359417E-001	 10804441701570225E+002
 21709312500000002E+000	 26035030474299401E+001	 58618100893549248E-003	-53340759273359417E-001	 10766213692063710E+002
 21869666666666667E+000	 26221330476926394E+001	 58618100893549248E-003	-53340759273359417E-001	 10851070199039096E+002
 22030104166666669E+000	 26407623028745409E+001	 58618100893549248E-003	-53340759273359417E-001	 11058569650361596E+002
 22190416666666666E+000	 26593923031372402E+001	 58618100893549248E-003	-53340759273359417E-001	 11360330726315490E+002
 22350812499999999E+000	 26780223033999395E+001	 58618100893549248E-003	-53340759273359417E-001	 11782703190686323E+002
 22511104166666667E+000	 26966515585818410E+001	 58618100893549248E-003	-53340759273359417E-001	 12308495011892681E+002
 22671437499999998E+000	 27152815588445399E+001	 58618100893549248E-003	-53340759273359417E-001	 12947860840246094E+002
 22831770833333334E+000	 27339115591072392E+001	 58618100893549248E-003	-53340759273359417E-001	 13699010358351677E+002
 22992124999999999E+000	 27571983143548156E+001	 58618100893549248E-003	-53340759273359417E-001	 14557097393057660E+002
 23152354166666669E+000	 27758283146175149E+001	 58618100893549248E-003	-53340759273359417E-001	 54936787270610488E+000
 23312770833333332E+000	 27944575697994164E+001	 58618100893549248E-003	-53340759273359417E-001	 16378776076933825E+001
 23473083333333333E+000	 28130875700621157E+001	 34914436253847478E-005	-53340759273359417E-001	 28364950476863633E+001
 23633375000000001E+000	 28317175703248150E+001	 34914436253847478E-005	-53340759273359417E-001	 41509941031921407E+001
 23793770833333334E+000	 28503468255067165E+001	 34914436253847478E-005	-53340759273359417E-001	 55745238121564284E+001
 23954208333333336E+000	 28689768257694158E+001	 34914436253847478E-005	-53340759273359417E-001	 71106582712849914E+001
 24114520833333333E+000	 28876060809513174E+001	 34914436253847478E-005	-53340759273359417E-001	 87392080448281135E+001
 24274958333333334E+000	 29108935812796911E+001	 34914436253847478E-005	-53340759273359417E-001	 10502926837565948E+002
 24435250000000002E+000	 29295235815423904E+001	 58618100893549248E-003	-53340759273359417E-001	 12354748323925844E+002
 24595625000000001E+000	 29481528367242920E+001	 58618100893549248E-003	-53340759273359417E-001	 14325764222668528E+002
 24756041666666668E+000	 29667828369869913E+001	 58618100893549248E-003	-53340759273359417E-001	 14397869062957778E+001
 24916395833333334E+000	 29854120921688928E+001	 58618100893549248E-003	-53340759273359417E-001	 36279587829051522E+001
 25076666666666667E+000	 30040420924315921E+001	 58618100893549248E-003	-53340759273359417E-001	 59279568747532295E+001
 25236958333333335E+000	 30226720926942914E+001	 58618100893549248E-003	-53340759273359417E-001	 83400529873150290E+001
 25397229166666668E+000	 30459588479418677E+001	 58618100893549248E-003	-53340759273359417E-001	 10862032274784129E+002
 25557562500000000E+000	 30645888482045670E+001	 58618100893549248E-003	-53340759273359417E-001	 13493503234455349E+002
 25717833333333333E+000	 30832181033864686E+001	 58618100893549248E-003	-53340759273359417E-001	 12611753364963702E+001
 25878104166666667E+000	 31018481036491675E+001	 58618100893549248E-003	-53340759273359417E-001	 41121070324659719E+001
 26038458333333332E+000	 31204781039118668E+001	 58618100893549248E-003	-53340759273359417E-001	 70839368425705075E+001
 26198791666666668E+000	 31391073590937683E+001	 34914436253847478E-005	-53340759273359417E-001	 10165018986297905E+002
 26359187500000001E+000	 31577373593564676E+001	 34914436253847478E-005	-53340759273359417E-001	 13366884240939103E+002
 26519562500000000E+000	 31763666145383691E+001	 34914436253847478E-005	-53340759273359417E-001	 16991706364074851E+001
 26679895833333331E+000	 31996541148667433E+001	 34914436253847478E-005	-53340759273359417E-001	 51094692825241481E+001
 26840270833333335E+000	 32182841151294426E+001	 34914436253847478E-005	-53340759273359417E-001	 86374087916792234E+001
 27000583333333332E+000	 32369133703113441E+001	 34914436253847478E-005	-53340759273359417E-001	 12271308345936127E+002
 27160979166666666E+000	 32555433705740434E+001	 58618100893549248E-003	-53340759273359417E-001	 10531859200412667E+001
 27321312500000001E+000	 32741726257559449E+001	 58618100893549248E-003	-53340759273359417E-001	 49119399622536108E+001
 27481708333333335E+000	 32928026260186442E+001	 58618100893549248E-003	-53340759273359417E-001	 88872415545687645E+001
 27641958333333334E+000	 33114326262813435E+001	 58618100893549248E-003	-53340759273359417E-001	 12950125755482125E+002
 27802312499999999E+000	 33300618814632450E+001	 58618100893549248E-003	-53340759273359417E-001	 21720514202312920E+001
 27962666666666665E+000	 33533493817916188E+001	 58618100893549248E-003	-53340759273359417E-001	 64778457265801435E+001
 28123083333333332E+000	 33719786369735203E+001	 34914436253847478E-005	-53340759273359417E-001	 10903370624080868E+002
 28283416666666668E+000	 33906086372362196E+001	 34914436253847478E-005	-53340759273359417E-001	 44621490088279554E+000
 28443708333333335E+000	 34092386374989189E+001	 34914436253847478E-005	-53340759273359417E-001	 50835170565982445E+001
 28603979166666669E+000	 34278678926808205E+001	 34914436253847478E-005	-53340759273359417E-001	 98201062206557381E+001
 28764375000000002E+000	 34464978929435198E+001	 34914436253847478E-005	-53340759273359417E-001	 14679666909692153E+002
 28924812499999999E+000	 34651278932062191E+001	 34914436253847478E-005	-53340759273359417E-001	 46951189354595513E+001
 29085291666666668E+000	 34837571483881206E+001	 34914436253847478E-005	-53340759273359417E-001	 97829145812848580E+001
 29245604166666666E+000	 35070446487164944E+001	 34914436253847478E-005	-53340759273359417E-001	 14989619031396154E+002
 29405916666666667E+000	 35256739038983959E+001	 34914436253847478E-005	-53340759273359417E-001	 53058538234029761E+001
 29566270833333332E+000	 35443039041610952E+001	 34914436253847478E-005	-53340759273359417E-001	 10715101689521374E+002
 29726666666666666E+000	 35629339044237945E+001	 34914436253847478E-005	-53340759273359417E-001	 12635044590701487E+001
 29886937499999999E+000	 35815631596056960E+001	 34914436253847478E-005	-53340759273359417E-001	 68904190559420968E+001
 30047291666666665E+000	 36001931598683953E+001	 58618100893549248E-003	-53340759273359417E-001	 12638946597466344E+002
 30207791666666668E+000	 36188224150502968E+001	 58618100893549248E-003	-53340759273359417E-001	 35360550037122906E+001
 30368229166666665E+000	 36421099153786706E+001	 58618100893549248E-003	-53340759273359417E-001	 95152667688778436E+001
 30528708333333334E+000	 36607399156413699E+001	 58618100893549248E-003	-53340759273359417E-001	 64046875283130706E+000
 30689229166666667E+000	 36793691708232714E+001	 58618100893549248E-003	-53340759273359417E-001	 68529216354118191E+001
 30849583333333332E+000	 36979991710859707E+001	 58618100893549248E-003	-53340759273359417E-001	 13160720291065516E+002
 31009979166666666E+000	 37166284262678722E+001	 58618100893549248E-003	-53340759273359417E-001	 45989343317972349E+001
 31170354166666665E+000	 37352584265305715E+001	 58618100893549248E-003	-53340759273359417E-001	 11129253155894030E+002
 31330708333333335E+000	 37538884267932708E+001	 58618100893549248E-003	-53340759273359417E-001	 27899581951556158E+001
 31491187500000000E+000	 37725176819751724E+001	 58618100893549248E-003	-53340759273359417E-001	 95533960365516378E+001
 31651666666666665E+000	 37958051823035461E+001	 58618100893549248E-003	-53340759273359417E-001	 14497493257614845E+001
 31812083333333332E+000	 38144344374854477E+001	 58618100893549248E-003	-53340759273359417E-001	 84317379362775910E+001
 31972562500000001E+000	 38330644377481470E+001	 58618100893549248E-003	-53340759273359417E-001	 55631556487495990E+000
 32132958333333335E+000	 38516944380108463E+001	 58618100893549248E-003	-53340759273359417E-001	 77523665219044219E+001
 32293270833333332E+000	 38703236931927478E+001	 58618100893549248E-003	-53340759273359417E-001	 72993460902689822E-001
 32453583333333333E+000	 38889536934554471E+001	 58618100893549248E-003	-53340759273359417E-001	 74818653108202895E+001
 32613979166666667E+000	 39075829486373486E+001	 58618100893549248E-003	-53340759273359417E-001	 15004119887017140E+002
 32774395833333334E+000	 39262129489000479E+001	 34914436253847478E-005	-53340759273359417E-001	 76764106383768819E+001
 32934770833333333E+000	 39495004492284217E+001	 34914436253847478E-005	 75909122609084969E-015	 44839912386843093E+000
 33097187500000000E+000	 39681297044103239E+001	 34914436253847478E-005	-53340759273359417E-001	 10779683318606563E+002
 33264104166666666E+000	 39867597046730225E+001	 34914436253847478E-005	-53340759273359417E-001	 47294950635118795E+001
 33431000000000002E+000	 40053889598549247E+001	 34914436253847478E-005	-53340759273359417E-001	 13769147905929555E+002
 33597937500000001E+000	 40286764601832985E+001	 34914436253847478E-005	-53340759273359417E-001	 79559273643678765E+001
 33764854166666667E+000	 40473064604459978E+001	 58618100893549248E-003	-53340759273359417E-001	 22644387941159358E+001
 33931791666666666E+000	 40659357156278993E+001	 58618100893549248E-003	-53340759273359417E-001	 11671180297840387E+002
 34098708333333332E+000	 40892232159562731E+001	 58618100893549248E-003	-53340759273359417E-001	 62189687818000486E+001
 34265604166666668E+000	 41078524711381746E+001	 58618100893549248E-003	-53340759273359417E-001	 88787152783407279E+000
 34432520833333333E+000	 41264824714008739E+001	 58618100893549248E-003	 75909122609084969E-015	 10652595538879389E+002
 34599458333333333E+000	 41451124716635732E+001	 58618100893549248E-003	-53340759273359417E-001	 55640015762333292E+001
 34766395833333332E+000	 41683992269111492E+001	 58618100893549248E-003	-53340759273359417E-001	 59379840044862213E+000
 34933312500000002E+000	 41870292271738485E+001	 58618100893549248E-003	-53340759273359417E-001	 10719585474000138E+002
 35100208333333334E+000	 42056584823557500E+001	 58618100893549248E-003	-53340759273359417E-001	 59859998051464700E+001
 35267145833333333E+000	 42289459826841245E+001	 58618100893549248E-003	-53340759273359417E-001	 13795182891705069E+001
 35434062499999999E+000	 42475759829468238E+001	 58618100893549248E-003	-53340759273359417E-001	 11866086281757131E+002
 35600999999999998E+000	 42662052381287253E+001	 58618100893549248E-003	-53340759273359417E-001	 75003801588500338E+001
 35767875000000000E+000	 42894927384570991E+001	 58618100893549248E-003	-53340759273359417E-001	 32446801491818654E+001
 35934770833333332E+000	 43081219936390006E+001	 58618100893549248E-003	-53340759273359417E-001	 14089526204014805E+002
 36101687500000001E+000	 43267519939016999E+001	 58618100893549248E-003	-53340759273359417E-001	 10084350429470533E+002
 36268625000000001E+000	 43453819941643992E+001	 58618100893549248E-003	-53340759273359417E-001	 61956693974275282E+001
 36435541666666666E+000	 43686687494119752E+001	 58618100893549248E-003	-53340759273359417E-001	 24316343663212990E+001
 36602479166666666E+000	 43872987496746745E+001	 58618100893549248E-003	-53340759273359417E-001	 13760443201477477E+002
 36769375000000002E+000	 44059280048565761E+001	 34914436253847478E-005	-53340759273359417E-001	 10232825231940672E+002
 36936312500000001E+000	 44292155051849505E+001	 34914436253847478E-005	-53340759273359417E-001	 68258902344584484E+001
 37103229166666667E+000	 44478447603668521E+001	 34914436253847478E-005	-53340759273359417E-001	 35395061620864269E+001
 37270166666666666E+000	 44664747606295514E+001	 34914436253847478E-005	-53340759273359417E-001	 37682180078399190E+000
 37437083333333332E+000	 44897622609579251E+001	 34914436253847478E-005	-53340759273359417E-001	 12306296092188310E+002
 37604000000000002E+000	 45083915161398266E+001	 34914436253847478E-005	-53340759273359417E-001	 93815651863143088E+001
 37770916666666667E+000	 45270215164025259E+001	 58618100893549248E-003	-53340759273359417E-001	 65759696824239128E+001
 37937854166666667E+000	 45456507715844275E+001	 58618100893549248E-003	-53340759273359417E-001	 38940145439175659E+001
 38104770833333332E+000	 45689382719128012E+001	 58618100893549248E-003	-53340759273359417E-001	 13330912988033884E+001
 38271708333333332E+000	 45875682721755005E+001	 58618100893549248E-003	-53340759273359417E-001	 13864742293837932E+002
 38438604166666668E+000	 46061975273574021E+001	 58618100893549248E-003	-53340759273359417E-001	 11540409509221836E+002
 38605541666666667E+000	 46294850276857765E+001	 58618100893549248E-003	-53340759273359417E-001	 93364220632968198E+001
 38772458333333333E+000	 46481142828676781E+001	 58618100893549248E-003	-53340759273359417E-001	 72531885583723721E+001
 38939395833333332E+000	 46667442831303774E+001	 58618100893549248E-003	-53340759273359417E-001	 52933327219697027E+001
 39106312499999998E+000	 46900310383779534E+001	 58618100893549248E-003	-53340759273359417E-001	 34499410611285747E+001
 39273208333333334E+000	 47086610386406527E+001	 58618100893549248E-003	-53340759273359417E-001	 17244474279632040E+001
 39440124999999999E+000	 47272910389033520E+001	 58618100893549248E-003	-53340759273359417E-001	 12216857003020378E+000
 39607041666666665E+000	 47459202940852535E+001	 58618100893549248E-003	-53340759273359417E-001	 13619270432976586E+002
 39773958333333335E+000	 47692077944136273E+001	 58618100893549248E-003	-53340759273359417E-001	 12257864536442915E+002
 39940895833333334E+000	 47878370495955288E+001	 58618100893549248E-003	-53340759273359417E-001	 11016648741016114E+002
 40107791666666666E+000	 48064670498582281E+001	 58618100893549248E-003	-53340759273359417E-001	 98914679546113462E+001
 40274729166666665E+000	 48297545501866026E+001	 58618100893549248E-003	-53340759273359417E-001	 88940710582960747E+001
 40441645833333331E+000	 48483838053685041E+001	 58618100893549248E-003	-53340759273359417E-001	 80138732852412488E+001
 40608562499999996E+000	 48670138056312034E+001	 58618100893549248E-003	-53340759273359417E-001	 72570230049358926E+001
 40775479166666670E+000	 48903005608787794E+001	 58618100893549248E-003	-53340759273359417E-001	 66163216751335668E+001
 40942395833333336E+000	 49089305611414787E+001	 58618100893549248E-003	-53340759273359417E-001	 60937330680388712E+001
 41109312500000001E+000	 49275605614041780E+001	 58618100893549248E-003	-53340759273359417E-001	 56945039122404495E+001
 41276229166666667E+000	 49461898165860795E+001	 58618100893549248E-003	-53340759273359417E-001	 54186342077383017E+001
 41443145833333332E+000	 49694773169144533E+001	 58618100893549248E-003	-53340759273359417E-001	 52601549073644023E+001
 41610083333333332E+000	 49881065720963548E+001	 58618100893549248E-003	-53340759273359417E-001	 52219748438072223E+001
 41776979166666663E+000	 50067365723590541E+001	 58618100893549248E-003	-53340759273359417E-001	 52998297892720764E+001
 41943916666666663E+000	 50300233276066308E+001	 58618100893549248E-003	-53340759273359417E-001	 55053612214294297E+001
 42110833333333337E+000	 50486533278693301E+001	 58618100893549248E-003	-53340759273359417E-001	 58319856808584092E+001
 42277770833333337E+000	 50672833281320294E+001	 58618100893549248E-003	-53340759273359417E-001	 62745348400973157E+001
 42444687500000002E+000	 50859125833139309E+001	 58618100893549248E-003	-53340759273359417E-001	 68367812294953765E+001
 42611604166666668E+000	 51092000836423047E+001	 58618100893549248E-003	-53340759273359417E-001	 75206611277757531E+001
 42778520833333333E+000	 51278293388242062E+001	 58618100893549248E-003	-53340759273359417E-001	 83243635415514277E+001
 42945437499999999E+000	 51464593390869055E+001	 58618100893549248E-003	-53340759273359417E-001	 92517272202275251E+001
 43112374999999998E+000	 51697468394152793E+001	 58618100893549248E-003	-53340759273359417E-001	 10296192006785122E+002
 43279291666666664E+000	 51883760945971808E+001	 58618100893549248E-003	-53340759273359417E-001	 11464952978844951E+002
 43446208333333329E+000	 52070060948598801E+001	 58618100893549248E-003	-53340759273359417E-001	 12745628514099074E+002
 43613125000000004E+000	 52302928501074568E+001	 58618100893549248E-003	-53340759273359417E-001	 14154366227120656E+002
 43780041666666669E+000	 52489228503701561E+001	 58618100893549248E-003	-53340759273359417E-001	 70780604461996823E+000
 43946979166666669E+000	 52675528506328547E+001	 58618100893549248E-003	-53340759273359417E-001	 23536933640243042E+001
 44113895833333334E+000	 52861821058147569E+001	 58618100893549248E-003	-53340759273359417E-001	 41190034258219015E+001
 44280812500000000E+000	 53094696061431307E+001	 58618100893549248E-003	-53340759273359417E-001	 60018627616008487E+001
 44447729166666665E+000	 53280988613250322E+001	 58618100893549248E-003	-53340759273359417E-001	 80088446045480680E+001
 44614666666666665E+000	 53467288615877315E+001	 58618100893549248E-003	-53340759273359417E-001	 10138865979724027E+002
 44781583333333330E+000	 53700163619161053E+001	 58618100893549248E-003	-53340759273359417E-001	 12386170690917596E+002
 44948520833333330E+000	 53886456170980068E+001	 58618100893549248E-003	-53340759273359417E-001	 14758131573400831E+002
 45115416666666670E+000	 54072756173607061E+001	 58618100893549248E-003	-53340759273359417E-001	 22655825676485680E+001
 45282333333333336E+000	 54305623726082828E+001	 58618100893549248E-003	-53340759273359417E-001	 48774162523222678E+001
 45449250000000001E+000	 54491923728709821E+001	 58618100893549248E-003	-53340759273359417E-001	 76063675856711782E+001
 45616187500000001E+000	 54678223731336807E+001	 58618100893549248E-003	-53340759273359417E-001	 10455016149179242E+002
 45783104166666666E+000	 54864516283155830E+001	 58618100893549248E-003	-53340759273359417E-001	 13423361942846461E+002
 45949999999999998E+000	 55097391286439567E+001	 58618100893549248E-003	-53340759273359417E-001	 15370059801376957E+001
 46116937499999997E+000	 55283683838258582E+001	 58618100893549248E-003	 75909122609084969E-015	 47467036358870011E+001
 46283854166666663E+000	 55469983840885575E+001	 58618100893549248E-003	-53340759273359417E-001	 80760985217954612E+001
 46450770833333337E+000	 55702851393361335E+001	 58618100893549248E-003	-53340759273359417E-001	 11526209237821683E+002
 46617687500000002E+000	 55889151395988328E+001	 58618100893549248E-003	-53340759273359417E-001	 12504013005176702E+000
 46784604166666668E+000	 56075451398615321E+001	 58618100893549248E-003	-53340759273359417E-001	 38120441819203585E+001
 46951541666666667E+000	 56308318951091088E+001	 58618100893549248E-003	-53340759273359417E-001	 76264129041675886E+001
 47118458333333333E+000	 56494618953718081E+001	 58618100893549248E-003	-53340759273359417E-001	 11558399969386120E+002
 47285395833333332E+000	 56680911505537097E+001	 58618100893549248E-003	-53340759273359417E-001	 63821132565729242E+000
 47452312499999998E+000	 56867211508164083E+001	 58618100893549248E-003	-53340759273359417E-001	 48096068214590900E+001
 47619208333333329E+000	 57100086511447827E+001	 58618100893549248E-003	-53340759273359417E-001	 90980364237516497E+001
 47786145833333338E+000	 57286379063266843E+001	 58618100893549248E-003	-53340759273359417E-001	 13515066338417844E+002
 47953062500000003E+000	 57472679065893836E+001	 58618100893549248E-003	-53340759273359417E-001	 30756973889209704E+001
 48119979166666669E+000	 57705546618369596E+001	 58618100893549248E-003	-53340759273359417E-001	 77287713032011538E+001
 48286916666666668E+000	 57891846620996589E+001	 58618100893549248E-003	-53340759273359417E-001	 12502550653721971E+002
 48453812500000000E+000	 58078146623623581E+001	 34914436253847478E-005	-53340759273359417E-001	 24199031995498043E+001
 48620749999999999E+000	 58311014176099349E+001	 34914436253847478E-005	 75909122609084969E-015	 74334240876515437E+001
 48787666666666665E+000	 58497314178726334E+001	 34914436253847478E-005	-53340759273359417E-001	 12568460855004655E+002
 48954583333333330E+000	 58683606730545357E+001	 34914436253847478E-005	-53340759273359417E-001	 28514721216992324E+001
 49121499999999996E+000	 58869906733172343E+001	 34914436253847478E-005	-53340759273359417E-001	 82259173196356087E+001
 49288416666666670E+000	 59102774285648110E+001	 34914436253847478E-005	-53340759273359417E-001	 13717140800570840E+002
 49455312500000002E+000	 59289074288275103E+001	 58618100893549248E-003	-53340759273359417E-001	 43567998554722074E+001
 49622250000000001E+000	 59475374290902096E+001	 58618100893549248E-003	-53340759273359417E-001	 10092280175384867E+002
 49789166666666667E+000	 59708241843377856E+001	 58618100893549248E-003	-53340759273359417E-001	 97214094839486940E+000
 49956083333333332E+000	 59894541846004849E+001	 58618100893549248E-003	-53340759273359417E-001	 69534341712770285E+001
 50122999999999998E+000	 59859366581551079E+001	 58618100893549248E-003	-53340759273359417E-001	 13019259735106490E+002
 50289937499999997E+000	 59673066578924086E+001	 58618100893549248E-003	-53340759273359417E-001	 40095253885983801E+001
 50456854166666663E+000	 59486774027105071E+001	 58618100893549248E-003	-53340759273359417E-001	 98562178467832538E+001
 50623770833333337E+000	 59253899023821333E+001	 58618100893549248E-003	-53340759273359417E-001	 61112432304939039E+000
 50790708333333336E+000	 59067606472002318E+001	 58618100893549248E-003	-53340759273359417E-001	 62172121606842438E+001
 50957625000000002E+000	 58881306469375325E+001	 58618100893549248E-003	-53340759273359417E-001	 11701865370128721E+002
 51124520833333333E+000	 58695006466748332E+001	 58618100893549248E-003	-53340759273359417E-001	 20914651762050518E+001
 51291458333333333E+000	 58462138914272572E+001	 58618100893549248E-003	-53340759273359417E-001	 73358322312594893E+001
 51458374999999998E+000	 58275838911645579E+001	 58618100893549248E-003	-53340759273359417E-001	 12460235279975137E+002
 51625312499999998E+000	 58089546359826564E+001	 58618100893549248E-003	-53340759273359417E-001	 24975305973390245E+001
 51792229166666663E+000	 57856671356542819E+001	 58618100893549248E-003	-53340759273359417E-001	 73771686247191340E+001
 51959083333333336E+000	 57670371353915833E+001	 58618100893549248E-003	-53340759273359417E-001	 12128195778205301E+002
 52126020833333335E+000	 57484078802096811E+001	 58618100893549248E-003	-53340759273359417E-001	 17994046610704938E+001
 52292937500000001E+000	 57251203798813073E+001	 34914436253847478E-005	-53340759273359417E-001	 63273740703179840E+001
 52459854166666666E+000	 57064911246994058E+001	 34914436253847478E-005	-53340759273359417E-001	 10729710004420416E+002
 52626770833333332E+000	 56878611244367065E+001	 34914436253847478E-005	 75909122609084969E-015	 15008082748256155E+002
 52793687499999997E+000	 56692311241740072E+001	 34914436253847478E-005	-53340759273359417E-001	 41989639137401483E+001
 52960624999999997E+000	 56459443689264312E+001	 34914436253847478E-005	-53340759273359417E-001	 82404200752126286E+001
 53127541666666671E+000	 56273143686637319E+001	 34914436253847478E-005	-53340759273359417E-001	 12161801362323612E+002
 53294458333333337E+000	 56086851134818303E+001	 58618100893549248E-003	-53340759273359417E-001	 99156794296424380E+000
 53461354166666668E+000	 55853976131534559E+001	 58618100893549248E-003	-53340759273359417E-001	 46684645640168654E+001
 53628291666666668E+000	 55667676128907573E+001	 58618100893549248E-003	-53340759273359417E-001	 82287967588866081E+001
 53795208333333333E+000	 55481383577088550E+001	 58618100893549248E-003	-53340759273359417E-001	 11673592850836494E+002
 53962145833333333E+000	 55248508573804813E+001	 58618100893549248E-003	-53340759273359417E-001	 14994322596083236E+002
 54129062499999998E+000	 55062216021985797E+001	 58618100893549248E-003	 75909122609084969E-015	 32174987634639081E+001
 54295958333333330E+000	 54875916019358804E+001	 58618100893549248E-003	-53340759273359417E-001	 62929859837188523E+001
 54462875000000004E+000	 54689616016731811E+001	 58618100893549248E-003	-53340759273359417E-001	 92533452563149467E+001
 54629812500000003E+000	 54456748464256052E+001	 58618100893549248E-003	-53340759273359417E-001	 12095751458391351E+002
 54796729166666669E+000	 54270448461629059E+001	 58618100893549248E-003	-53340759273359417E-001	 14814097013632713E+002
 54963645833333334E+000	 54084155909810043E+001	 58618100893549248E-003	-53340759273359417E-001	 24370154329777769E+001
 55130541666666666E+000	 53851280906526299E+001	 58618100893549248E-003	-53340759273359417E-001	 49147978872965751E+001
 55297479166666665E+000	 53664988354707283E+001	 34914436253847478E-005	-53340759273359417E-001	 72720943502966975E+001
 55464395833333331E+000	 53478688352080297E+001	 34914436253847478E-005	-53340759273359417E-001	 95096935831376655E+001
 55631333333333330E+000	 53245813348796553E+001	 34914436253847478E-005	-53340759273359417E-001	 11631505918862251E+002
 55798249999999996E+000	 53059520796977537E+001	 34914436253847478E-005	-53340759273359417E-001	 13627770389225441E+002
 55965145833333336E+000	 52873220794350544E+001	 34914436253847478E-005	-53340759273359417E-001	 52424805104745245E+000
 56132062500000002E+000	 52686928242531529E+001	 34914436253847478E-005	-53340759273359417E-001	 22850836046222192E+001
 56299000000000001E+000	 52454053239247791E+001	 58618100893549248E-003	-53340759273359417E-001	 39209009894017321E+001
 56465916666666667E+000	 52267753236620798E+001	 58618100893549248E-003	-53340759273359417E-001	 54382788590357201E+001
 56632854166666666E+000	 52081460684801783E+001	 58618100893549248E-003	-53340759273359417E-001	 68360420348359256E+001
 56799749999999998E+000	 51848585681518045E+001	 58618100893549248E-003	-53340759273359417E-001	 81076123102010982E+001
 56966687499999997E+000	 51662293129699023E+001	 58618100893549248E-003	-53340759273359417E-001	 92655212922037606E+001
 57133604166666663E+000	 51475993127072037E+001	 58618100893549248E-003	-53340759273359417E-001	 10300070822910149E+002
 57300520833333337E+000	 51289693124445044E+001	 58618100893549248E-003	-53340759273359417E-001	 11218769863854068E+002
 57467458333333337E+000	 51056825571969277E+001	 58618100893549248E-003	-53340759273359417E-001	 12012001955211227E+002
 57634375000000002E+000	 50870525569342284E+001	 58618100893549248E-003	-53340759273359417E-001	 12685519493280682E+002
 57801291666666668E+000	 50684233017523269E+001	 58618100893549248E-003	-53340759273359417E-001	 13239339801190985E+002
 57968229166666667E+000	 50451358014239531E+001	 58618100893549248E-003	-53340759273359417E-001	 13675996973243375E+002
 58135145833333333E+000	 50265065462420516E+001	 58618100893549248E-003	-53340759273359417E-001	 13988451448806632E+002
 58302062499999998E+000	 50078765459793523E+001	 58618100893549248E-003	-53340759273359417E-001	 14184964627885191E+002
 58468958333333330E+000	 49845890456509785E+001	 58618100893549248E-003	-53340759273359417E-001	 14253714369342154E+002
 58635895833333329E+000	 49659597904690763E+001	 58618100893549248E-003	-53340759273359417E-001	 14205068900899724E+002
 58802812500000003E+000	 49473297902063777E+001	 58618100893549248E-003	-53340759273359417E-001	 14040216980343695E+002
 58969750000000003E+000	 49287005350244755E+001	 58618100893549248E-003	-53340759273359417E-001	 13752005608491393E+002
 59136666666666668E+000	 49054130346961017E+001	 58618100893549248E-003	-53340759273359417E-001	 13342291936485259E+002
 59303562500000000E+000	 48867830344334024E+001	 58618100893549248E-003	-53340759273359417E-001	 12809097551283017E+002
 59470479166666665E+000	 48681537792515009E+001	 58618100893549248E-003	-53340759273359417E-001	 12159868157058740E+002
 59637395833333331E+000	 48448662789231271E+001	 58618100893549248E-003	-53340759273359417E-001	 11393459589112379E+002
 59804312499999996E+000	 48262370237412256E+001	 58618100893549248E-003	-53340759273359417E-001	 10502878332806014E+002
 59971249999999996E+000	 48076070234785263E+001	 58618100893549248E-003	-53340759273359417E-001	 94925998463404966E+001
 60138145833333336E+000	 47843202682309496E+001	 58618100893549248E-003	-53340759273359417E-001	 83585889025043301E+001
 60305062500000002E+000	 47656902679682510E+001	 58618100893549248E-003	-53340759273359417E-001	 71105779143209531E+001
 60472000000000001E+000	 47470602677055517E+001	 58618100893549248E-003	-53340759273359417E-001	 57392120570882099E+001
 60638916666666667E+000	 47284310125236502E+001	 58618100893549248E-003	-53340759273359417E-001	 42479789236312449E+001
 60805833333333332E+000	 47051435121952757E+001	 58618100893549248E-003	-53340759273359417E-001	 26353543580431531E+001
 60972749999999998E+000	 46865142570133742E+001	 58618100893549248E-003	-53340759273359417E-001	 90280043237336720E+000
 61139645833333329E+000	 46678842567506749E+001	 34914436253847478E-005	-53340759273359417E-001	 14026673311396564E+002
 61306583333333338E+000	 46445967564223011E+001	 34914436253847478E-005	-53340759273359417E-001	 12053693416925042E+002
 61473520833333337E+000	 46259675012403996E+001	 34914436253847478E-005	-53340759273359417E-001	 99635598863757750E+001
 61640437500000003E+000	 46073375009777003E+001	 34914436253847478E-005	-53340759273359417E-001	 77500389640003192E+001
 61807333333333334E+000	 45840507457301236E+001	 34914436253847478E-005	-53340759273359417E-001	 54134566040206707E+001
 61974250000000000E+000	 45654207454674250E+001	 34914436253847478E-005	-53340759273359417E-001	 29622596756788461E+001
 62141187499999999E+000	 45467907452047257E+001	 58618100893549248E-003	-53340759273359417E-001	 38792743497173223E+000
 62308104166666665E+000	 45281614900228242E+001	 58618100893549248E-003	-53340759273359417E-001	 12669755949231744E+002
 62475020833333330E+000	 45048739896944497E+001	 58618100893549248E-003	-53340759273359417E-001	 98542952030386900E+001
 62641937499999996E+000	 44862447345125481E+001	 58618100893549248E-003	-53340759273359417E-001	 69189890859968685E+001
 62808854166666670E+000	 44676147342498489E+001	 58618100893549248E-003	-53340759273359417E-001	 38637021982983072E+001
 62975770833333335E+000	 44443272339214751E+001	 58618100893549248E-003	-53340759273359417E-001	 69112895700490391E+000
 63142708333333335E+000	 44256979787395736E+001	 58618100893549248E-003	-53340759273359417E-001	 12370600271811436E+002
 63309625000000000E+000	 44070679784768743E+001	 58618100893549248E-003	-53340759273359417E-001	 89575556304146517E+001
 63476520833333332E+000	 43837812232292976E+001	 58618100893549248E-003	-53340759273359417E-001	 54179710113202212E+001
 63643458333333331E+000	 43651512229665990E+001	 58618100893549248E-003	-53340759273359417E-001	 17603002689026404E+001
 63810374999999997E+000	 43465212227038997E+001	 58618100893549248E-003	-53340759273359417E-001	 12959056331178044E+002
 63977291666666662E+000	 43278919675219981E+001	 58618100893549248E-003	-53340759273359417E-001	 90615748704274694E+001
 64144208333333337E+000	 43046044671936237E+001	 34914436253847478E-005	-53340759273359417E-001	 50432916903701702E+001
 64311125000000002E+000	 42859752120117221E+001	 34914436253847478E-005	-53340759273359417E-001	 90852287642435599E+000
 64478041666666668E+000	 42673452117490228E+001	 34914436253847478E-005	-53340759273359417E-001	 11626310321443354E+002
 64644979166666667E+000	 42440584565014468E+001	 34914436253847478E-005	-53340759273359417E-001	 72474597438805617E+001
 64811895833333333E+000	 42254284562387475E+001	 34914436253847478E-005	-53340759273359417E-001	 27477712919653349E+001
 64978833333333332E+000	 42067984559760482E+001	 58618100893549248E-003	-53340759273359417E-001	 13107664745262241E+002
 65145729166666664E+000	 41835117007284722E+001	 58618100893549248E-003	-53340759273359417E-001	 83653020059840117E+001
 65312666666666663E+000	 41648817004657730E+001	 58618100893549248E-003	-53340759273359417E-001	 35077192270603334E+001
 65479583333333338E+000	 41462524452838714E+001	 58618100893549248E-003	-53340759273359417E-001	 13503425587201156E+002
 65646520833333337E+000	 41276224450211721E+001	 58618100893549248E-003	-53340759273359417E-001	 84064064371642971E+001
 65813437500000003E+000	 41043349446927976E+001	 58618100893549248E-003	-53340759273359417E-001	 31851791701755005E+001
 65980333333333334E+000	 40857056895108961E+001	 58618100893549248E-003	-53340759273359417E-001	 12819822467810124E+002
 66147270833333334E+000	 40670756892481968E+001	 58618100893549248E-003	-53340759273359417E-001	 73586445004334578E+001
 66314187499999999E+000	 40437889340006208E+001	 58618100893549248E-003	-53340759273359417E-001	 17800909932904581E+001
 66481104166666665E+000	 40251589337379215E+001	 58618100893549248E-003	-53340759273359417E-001	 11050444041332553E+002
 66648020833333330E+000	 40065289334752222E+001	 58618100893549248E-003	-53340759273359417E-001	 52280086571235927E+001
 66814916666666671E+000	 39832421782276462E+001	 58618100893549248E-003	-53340759273359417E-001	 14258991832513703E+002
 66981854166666670E+000	 39646121779649469E+001	 34914436253847478E-005	-53340759273359417E-001	 81982231134315768E+001
 67144729166666668E+000	 39459829227830454E+001	 34914436253847478E-005	-53340759273359417E-001	 40421313164373647E+000
 67305166666666665E+000	 39273529225203461E+001	 34914436253847478E-005	-53340759273359417E-001	 74181887313801326E+001
 67465500000000000E+000	 39087229222576468E+001	 34914436253847478E-005	-53340759273359417E-001	 14811043281356100E+002
 67625875000000004E+000	 38900936670757453E+001	 34914436253847478E-005	-53340759273359417E-001	 72835429824296838E+001
 67786291666666667E+000	 38668061667473708E+001	 34914436253847478E-005	-53340759273359417E-001	 14686308988344791E+002
 67946687499999996E+000	 38481769115654693E+001	 58618100893549248E-003	-53340759273359417E-001	 70181640528139496E+001
 68107062500000000E+000	 38295469113027707E+001	 58618100893549248E-003	-53340759273359417E-001	 14219347126378341E+002
 68267375000000001E+000	 38109169110400714E+001	 58618100893549248E-003	-53340759273359417E-001	 63279579715121635E+001
 68427770833333330E+000	 37922876558581699E+001	 58618100893549248E-003	-53340759273359417E-001	 13315467574858565E+002
 68588145833333334E+000	 37736576555954706E+001	 58618100893549248E-003	-53340759273359417E-001	 52082617993677424E+001
 68748458333333335E+000	 37550284004135690E+001	 58618100893549248E-003	-53340759273359417E-001	 11962027914571301E+002
 68908812499999996E+000	 37363984001508697E+001	 58618100893549248E-003	-53340759273359417E-001	 36323911009278106E+001
 69069208333333334E+000	 37131108998224953E+001	 58618100893549248E-003	-53340759273359417E-001	 10179171758797199E+002
 69229583333333338E+000	 36944816446405937E+001	 58618100893549248E-003	-53340759273359417E-001	 16279562608066520E+001
 69389916666666664E+000	 36758516443778944E+001	 58618100893549248E-003	-53340759273359417E-001	 79422776890502448E+001
 69550250000000000E+000	 36572223891959929E+001	 58618100893549248E-003	-53340759273359417E-001	 14141747110308438E+002
 69710562500000002E+000	 36385923889332936E+001	 58618100893549248E-003	-53340759273359417E-001	 52559685777671227E+001
 69870958333333331E+000	 36199623886705950E+001	 58618100893549248E-003	-53340759273359417E-001	 11242543510781378E+002
 70031312500000000E+000	 36013331334886935E+001	 58618100893549248E-003	-53340759273359417E-001	 21360292037995066E+001
 70191687500000004E+000	 35827031332259942E+001	 58618100893549248E-003	-53340759273359417E-001	 78998770966871675E+001
 70352020833333331E+000	 35594163779784175E+001	 58618100893549248E-003	-53340759273359417E-001	 13545684856363920E+002
 70512354166666666E+000	 35407863777157182E+001	 58618100893549248E-003	-53340759273359417E-001	 40996196273117768E+001
 70672666666666668E+000	 35221563774530189E+001	 58618100893549248E-003	-53340759273359417E-001	 95277657972924843E+001
 70833062499999997E+000	 35035271222711174E+001	 58618100893549248E-003	-53340759273359417E-001	 14856876200176148E+002
 70993374999999999E+000	 34848971220084181E+001	 58618100893549248E-003	-53340759273359417E-001	 50908028291790806E+001
 71153666666666666E+000	 34662678668265166E+001	 58618100893549248E-003	-53340759273359417E-001	 10174297142185974E+002
 71314041666666670E+000	 34476378665638173E+001	 58618100893549248E-003	-53340759273359417E-001	 20889714839100697E+000
 71474520833333335E+000	 34290078663011187E+001	 58618100893549248E-003	-53340759273359417E-001	 50485827885203193E+001
 71634874999999996E+000	 34057211110535420E+001	 58618100893549248E-003	-53340759273359417E-001	 98082620065002047E+001
 71795208333333331E+000	 33870911107908427E+001	 58618100893549248E-003	-53340759273359417E-001	 14459804444454645E+002
 71955583333333335E+000	 33684618556089411E+001	 58618100893549248E-003	-53340759273359417E-001	 40262835037502001E+001
 72115937499999996E+000	 33498318553462418E+001	 58618100893549248E-003	-53340759273359417E-001	 84522992045994258E+001
 72276354166666668E+000	 33312018550835425E+001	 58618100893549248E-003	-53340759273359417E-001	 12777869873903718E+002
 72436666666666669E+000	 33125725999016410E+001	 58618100893549248E-003	-53340759273359417E-001	 20036107062507629E+001
 72597020833333330E+000	 32939425996389417E+001	 58618100893549248E-003	-53340759273359417E-001	 60953251753145317E+001
 72757395833333334E+000	 32706558443913657E+001	 58618100893549248E-003	 75909122609084969E-015	 10084009610886621E+002
 72917729166666669E+000	 32520258441286664E+001	 58618100893549248E-003	-53340759273359417E-001	 13955434739296825E+002
 73078104166666664E+000	 32333958438659671E+001	 58618100893549248E-003	-53340759273359417E-001	 27388267460044595E+001
 73238437500000000E+000	 32147665886840656E+001	 58618100893549248E-003	-53340759273359417E-001	 63863891076280538E+001
 73398770833333336E+000	 31961365884213663E+001	 58618100893549248E-003	-53340759273359417E-001	 99238180589584218E+001
 73559124999999996E+000	 31775065881586674E+001	 58618100893549248E-003	-53340759273359417E-001	 13350481696970991E+002
 73719416666666664E+000	 31588773329767655E+001	 58618100893549248E-003	-53340759273359417E-001	 16838073683901200E+001
 73879750000000000E+000	 31402473327140665E+001	 58618100893549248E-003	-53340759273359417E-001	 48924260726361986E+001
 74040166666666662E+000	 31169605774664902E+001	 58618100893549248E-003	-53340759273359417E-001	 79915856274569791E+001
 74200416666666671E+000	 30983305772037909E+001	 58618100893549248E-003	-53340759273359417E-001	 10964923108555769E+002
 74360749999999998E+000	 30797005769410916E+001	 58618100893549248E-003	-53340759273359417E-001	 13833838670724595E+002
 74521083333333333E+000	 30610713217591901E+001	 34914436253847478E-005	-53340759273359417E-001	 16135881785838269E+001
 74681458333333337E+000	 30424413214964908E+001	 34914436253847478E-005	-53340759273359417E-001	 42725758103319940E+001
 74841833333333332E+000	 30238120663145892E+001	 34914436253847478E-005	-53340759273359417E-001	 68134501605619320E+001
 75002124999999999E+000	 30051820660518899E+001	 34914436253847478E-005	-53340759273359417E-001	 92356235840484516E+001
 75162479166666669E+000	 29865520657891910E+001	 34914436253847478E-005	-53340759273359417E-001	 11550264301766306E+002
 75322854166666664E+000	 29632653105416143E+001	 34914436253847478E-005	-53340759273359417E-001	 13763675529621312E+002
 75483291666666670E+000	 29446353102789153E+001	 34914436253847478E-005	-53340759273359417E-001	 88973661408701012E+000
 75643624999999997E+000	 29260060550970135E+001	 34914436253847478E-005	-53340759273359417E-001	 28721648222737912E+001
 75804000000000000E+000	 29073760548343145E+001	 34914436253847478E-005	-53340759273359417E-001	 47657589096463767E+001
 75964333333333336E+000	 28887460545716152E+001	 34914436253847478E-005	-53340759273359417E-001	 65374495826176585E+001
 76124666666666663E+000	 28701167993897137E+001	 34914436253847478E-005	-53340759273359417E-001	 81752371659236516E+001
 76285041666666666E+000	 28514867991270144E+001	 34914436253847478E-005	-53340759273359417E-001	 97030824521610441E+001
 76445416666666670E+000	 28328567988643151E+001	 58618100893549248E-003	-53340759273359417E-001	 11143451527338146E+002
 76605812499999999E+000	 28095700436167387E+001	 58618100893549248E-003	-53340759273359417E-001	 12473175992286686E+002
 76766104166666667E+000	 27909400433540398E+001	 58618100893549248E-003	-53340759273359417E-001	 13664414450091030E+002
 76926458333333336E+000	 27723107881721379E+001	 58618100893549248E-003	-53340759273359417E-001	 14764681671828984E+002
 77086750000000004E+000	 27536807879094390E+001	 58618100893549248E-003	-53340759273359417E-001	 75975972768548576E+000
 77247083333333331E+000	 27350507876467397E+001	 58618100893549248E-003	-53340759273359417E-001	 16309414270228526E+001
 77407333333333330E+000	 27164215324648382E+001	 58618100893549248E-003	-53340759273359417E-001	 23861513746979146E+001
 77567624999999998E+000	 26977915322021389E+001	 58618100893549248E-003	-53340759273359417E-001	 30281236074439889E+001
 77727895833333331E+000	 26745047769545625E+001	 58618100893549248E-003	-53340759273359417E-001	 35626864080393858E+001
 77888229166666667E+000	 26558747766918632E+001	 58618100893549248E-003	-53340759273359417E-001	 39886534215838822E+001
 78048562500000003E+000	 26372447764291639E+001	 58618100893549248E-003	-53340759273359417E-001	 43093702471295913E+001
 78208895833333330E+000	 26186155212472624E+001	 58618100893549248E-003	-53340759273359417E-001	 45129574095722262E+001
 78369249999999999E+000	 25999855209845634E+001	 58618100893549248E-003	-53340759273359417E-001	 46115618307684272E+001
 78529583333333335E+000	 25813562658026616E+001	 58618100893549248E-003	-53340759273359417E-001	 45983725595027487E+001
 78689895833333336E+000	 25627262655399626E+001	 58618100893549248E-003	-53340759273359417E-001	 44661819449159978E+001
 78850249999999997E+000	 25440962652772633E+001	 58618100893549248E-003	-53340759273359417E-001	 42389534618957335E+001
 79010625000000001E+000	 25208095100296870E+001	 58618100893549248E-003	-53340759273359417E-001	 38942724350086884E+001
 79170916666666669E+000	 25021795097669877E+001	 58618100893549248E-003	-53340759273359417E-001	 34369463118321690E+001
 79331187500000002E+000	 24835502545850861E+001	 58618100893549248E-003	-53340759273359417E-001	 28570019437369819E+001
 79491562499999997E+000	 24649202543223868E+001	 58618100893549248E-003	-53340759273359417E-001	 21884815135619011E+001
 79651854166666665E+000	 24462902540596875E+001	 58618100893549248E-003	-53340759273359417E-001	 13971208788985011E+001
 79812166666666666E+000	 24276609988777860E+001	 58618100893549248E-003	-53340759273359417E-001	 50708876576710180E+000
 79972520833333336E+000	 24090309986150867E+001	 58618100893549248E-003	-53340759273359417E-001	 14449870356686273E+002
 80132770833333336E+000	 23904017434331852E+001	 58618100893549248E-003	-53340759273359417E-001	 13318043635835741E+002
 80293166666666664E+000	 23671142431048114E+001	 58618100893549248E-003	-53340759273359417E-001	 12089476518301807E+002
 80453437500000007E+000	 23484842428421121E+001	 58618100893549248E-003	-53340759273359417E-001	 10734061071382078E+002
 80613729166666666E+000	 23298549876602106E+001	 58618100893549248E-003	-53340759273359417E-001	 92726343364286578E+001
 80774083333333326E+000	 23112249873975113E+001	 58618100893549248E-003	-53340759273359417E-001	 77037188182195976E+001
 80934416666666671E+000	 22925957322156098E+001	 58618100893549248E-003	-53340759273359417E-001	 60254487599292446E+001
 81094770833333332E+000	 22739657319529105E+001	 58618100893549248E-003	-53340759273359417E-001	 42380921671205499E+001
 81255145833333327E+000	 22553357316902112E+001	 58618100893549248E-003	-53340759273359417E-001	 23381334505573921E+001
 81415479166666671E+000	 22367064765083096E+001	 58618100893549248E-003	-53340759273359417E-001	 32403034886947997E+000
 81575729166666662E+000	 22134189761799359E+001	 58618100893549248E-003	-53340759273359417E-001	 13170766979169449E+002
 81736000000000004E+000	 21947897209980340E+001	 58618100893549248E-003	-53340759273359417E-001	 10935648418336523E+002
 81896229166666661E+000	 21761597207353351E+001	 58618100893549248E-003	-53340759273359417E-001	 85828213225017265E+001
 82056520833333337E+000	 21575297204726358E+001	 58618100893549248E-003	-53340759273359417E-001	 61253866708562065E+001
 82216874999999998E+000	 21389004652907342E+001	 58618100893549248E-003	-53340759273359417E-001	 35605487339765901E+001
 82377229166666659E+000	 21202704650280349E+001	 58618100893549248E-003	-53340759273359417E-001	 88913935731953071E+000
 82537583333333338E+000	 21016404647653356E+001	 58618100893549248E-003	-53340759273359417E-001	 13059849445844665E+002
 82697916666666664E+000	 20783537095177593E+001	 58618100893549248E-003	-53340759273359417E-001	 10165816409021700E+002
 82858229166666675E+000	 20597237092550600E+001	 58618100893549248E-003	-53340759273359417E-001	 71524638980040422E+001
 83018541666666668E+000	 20410944540731585E+001	 58618100893549248E-003	-53340759273359417E-001	 40301638845449020E+001
 83178770833333342E+000	 20224644538104592E+001	 58618100893549248E-003	-53340759273359417E-001	 78196848141327404E+000
 83339062500000001E+000	 20038344535477602E+001	 58618100893549248E-003	-53340759273359417E-001	 12413164595679820E+002
 83499333333333325E+000	 19852051983658587E+001	 58618100893549248E-003	-53340759273359417E-001	 89543428606417564E+001
 83659604166666668E+000	 19665751981031594E+001	 58618100893549248E-003	-53340759273359417E-001	 53943840630138077E+001
 83819916666666661E+000	 19479459429212579E+001	 58618100893549248E-003	-53340759273359417E-001	 17130143866459107E+001
 83980208333333337E+000	 19246584425928837E+001	 58618100893549248E-003	-53340759273359417E-001	 12901845358003575E+002
 84140562499999998E+000	 19060284423301844E+001	 58618100893549248E-003	-53340759273359417E-001	 90016781976364371E+001
 84300770833333338E+000	 18873991871482829E+001	 58618100893549248E-003	-53340759273359417E-001	 49815960386199819E+001
 84461020833333329E+000	 18687691868855836E+001	 58618100893549248E-003	-53340759273359417E-001	 85059874916431735E+000
 84621333333333340E+000	 18501399317036821E+001	 58618100893549248E-003	-53340759273359417E-001	 11584691281583081E+002
 84781645833333332E+000	 18315099314409828E+001	 58618100893549248E-003	-53340759273359417E-001	 72440150118283071E+001
 84941916666666675E+000	 18128799311782839E+001	 58618100893549248E-003	-53340759273359417E-001	 27883934137182131E+001
 85102166666666665E+000	 17942506759963820E+001	 58618100893549248E-003	-53340759273359417E-001	 13192632120260333E+002
 85262479166666658E+000	 17709631756680082E+001	 58618100893549248E-003	-53340759273359417E-001	 85166069606103804E+001
 85422729166666667E+000	 17523339204861067E+001	 58618100893549248E-003	-53340759273359417E-001	 37255504157729668E+001
 85583041666666659E+000	 17337039202234074E+001	 58618100893549248E-003	-53340759273359417E-001	 13812467629964740E+002
 85743291666666668E+000	 17150739199607081E+001	 58618100893549248E-003	-53340759273359417E-001	 87925348931768724E+001
 85903562499999992E+000	 16964446647788066E+001	 58618100893549248E-003	-53340759273359417E-001	 36623955419073972E+001
 86063833333333335E+000	 16778146645161073E+001	 58618100893549248E-003	-53340759273359417E-001	 13404639608441562E+002
 86224208333333330E+000	 16591854093342057E+001	 58618100893549248E-003	-53340759273359417E-001	 80663466621631997E+001
 86384500000000006E+000	 16405554090715064E+001	 58618100893549248E-003	-53340759273359417E-001	 26127050380396529E+001
 86544791666666665E+000	 16172679087431327E+001	 58618100893549248E-003	-53340759273359417E-001	 12018827547264350E+002
 86705041666666673E+000	 15986386535612310E+001	 58618100893549248E-003	-53340759273359417E-001	 63339407095398478E+001
 86865291666666664E+000	 15800086532985318E+001	 58618100893549248E-003	-53340759273359417E-001	 56012911192210337E+000
 87025604166666675E+000	 15613793981166301E+001	 58618100893549248E-003	-53340759273359417E-001	 96295865087683495E+001
 87185854166666665E+000	 15427493978539310E+001	 58618100893549248E-003	-53340759273359417E-001	 36249694256094642E+001
 87346125000000008E+000	 15241193975912317E+001	 58618100893549248E-003	-53340759273359417E-001	 12473470932520476E+002
 87506354166666664E+000	 15054901424093302E+001	 58618100893549248E-003	-53340759273359417E-001	 62418007769881378E+001
 87666666666666675E+000	 14868601421466311E+001	 58618100893549248E-003	-53340759273359417E-001	 14873296905488706E+002
 87827000000000002E+000	 14635733868990545E+001	 58618100893549248E-003	-53340759273359417E-001	 84223964112676725E+001
 87987291666666660E+000	 14449433866363554E+001	 58618100893549248E-003	-53340759273359417E-001	 18642469752997968E+001
 88147604166666671E+000	 14263133863736561E+001	 58618100893549248E-003	-53340759273359417E-001	 10164540197377268E+002
 88307895833333330E+000	 14076841311917546E+001	 58618100893549248E-003	-53340759273359417E-001	 33747942235852761E+001
 88468187500000006E+000	 13890541309290555E+001	 58618100893549248E-003	-53340759273359417E-001	 11449971099060936E+002
 88628458333333331E+000	 13704241306663562E+001	 58618100893549248E-003	-53340759273359417E-001	 44442390732708880E+001
 88788791666666675E+000	 13517948754844546E+001	 58618100893549248E-003	-53340759273359417E-001	 12305938285762210E+002
 88949125000000002E+000	 13331648752217554E+001	 58618100893549248E-003	-53340759273359417E-001	 50833672953578962E+001
 89109437499999995E+000	 13098781199741790E+001	 58618100893549248E-003	-53340759273359417E-001	 12724243111906844E+002
 89269666666666669E+000	 12912481197114799E+001	 58618100893549248E-003	-53340759273359417E-001	 52663356319870694E+001
 89429979166666662E+000	 12726181194487806E+001	 58618100893549248E-003	-53340759273359417E-001	 12681493989373598E+002
 89590354166666675E+000	 12539888642668791E+001	 58618100893549248E-003	-53340759273359417E-001	 50104093189281997E+001
 89750604166666665E+000	 12353588640041798E+001	 58618100893549248E-003	-53340759273359417E-001	 12204582895871560E+002
 89910895833333342E+000	 12167296088222782E+001	 58618100893549248E-003	-53340759273359417E-001	 43049163590178381E+001
 90071166666666667E+000	 11980996085595789E+001	 58618100893549248E-003	-53340759273359417E-001	 11269848896571102E+002
 90231437499999991E+000	 11748121082312050E+001	 58618100893549248E-003	-53340759273359417E-001	 31527482059348486E+001
 90391791666666670E+000	 11561828530493035E+001	 58618100893549248E-003	-53340759273359417E-001	 99041303233638743E+001
 90552083333333329E+000	 11375528527866042E+001	 58618100893549248E-003	-53340759273359417E-001	 15675785638525898E+001
 90712354166666671E+000	 11189235976047026E+001	 58618100893549248E-003	-53340759273359417E-001	 80886774601256604E+001
 90872583333333328E+000	 11002935973420033E+001	 58618100893549248E-003	-53340759273359417E-001	 14496883595252083E+002
 91032895833333338E+000	 10816635970793042E+001	 58618100893549248E-003	-53340759273359417E-001	 58257490751759107E+001
 91193229166666665E+000	 10630343418974027E+001	 58618100893549248E-003	-53340759273359417E-001	 12017585534828534E+002
 91353520833333341E+000	 10444043416347034E+001	 58618100893549248E-003	-53340759273359417E-001	 31240589256983970E+001
 91513791666666666E+000	 10211175863871270E+001	 58618100893549248E-003	-53340759273359417E-001	 90927682927170920E+001
 91674104166666659E+000	 10024875861244277E+001	 58618100893549248E-003	-53340759273359417E-001	 14949638088923783E+002
 91834354166666667E+000	 98385758586172862E+000	 58618100893549248E-003	-53340759273359417E-001	 57231020504683158E+001
 91994666666666660E+000	 96522833067982710E+000	 58618100893549248E-003	-53340759273359417E-001	 11361245722789172E+002
 92154895833333335E+000	 94659833041712780E+000	 58618100893549248E-003	-53340759273359417E-001	 19071111010541760E+001
 92315166666666659E+000	 92796833015442868E+000	 58618100893549248E-003	-53340759273359417E-001	 73242799397605154E+001
 92475416666666668E+000	 90933907497252697E+000	 58618100893549248E-003	 75909122609084969E-015	 12627157146749445E+002
 92635645833333342E+000	 89070907470982785E+000	 58618100893549248E-003	 75909122609084969E-015	 28479742467590775E+001
 92795895833333333E+000	 86742231946225150E+000	 58618100893549248E-003	-53340759273359417E-001	 79259524285878797E+001
 92956187499999992E+000	 84879231919955220E+000	 58618100893549248E-003	-53340759273359417E-001	 12898712498146239E+002
 93116500000000002E+000	 83016231893685308E+000	 58618100893549248E-003	-53340759273359417E-001	 27873007154742673E+001
 93276749999999993E+000	 81153306375495138E+000	 34914436253847478E-005	-53340759273359417E-001	 75389222199128028E+001
 93437062500000003E+000	 79290306349225226E+000	 34914436253847478E-005	-53340759273359417E-001	 12179791207796239E+002
 93597354166666662E+000	 77427380831035064E+000	 34914436253847478E-005	-53340759273359417E-001	 17296186612400149E+001
 93757645833333338E+000	 75564380804765143E+000	 34914436253847478E-005	-53340759273359417E-001	 61469921885431134E+001
 93917895833333329E+000	 73701380778495222E+000	 34914436253847478E-005	-53340759273359417E-001	 10456572716100850E+002
 94078166666666672E+000	 71372705253737587E+000	 34914436253847478E-005	-53340759273359417E-001	 14651492573422050E+002
 94238416666666662E+000	 69509705227467666E+000	 58618100893549248E-003	-53340759273359417E-001	 37616185105548745E+001
 94398687500000005E+000	 67646779709277505E+000	 58618100893549248E-003	-53340759273359417E-001	 77307768185574474E+001
 94558958333333329E+000	 65783779683007584E+000	 58618100893549248E-003	-53340759273359417E-001	 11593987487053477E+002
 94719208333333338E+000	 63920779656737672E+000	 58618100893549248E-003	-53340759273359417E-001	 37287145690238082E+000
 94879499999999997E+000	 62057854138547510E+000	 58618100893549248E-003	 75909122609084969E-015	 40145698277504330E+001
 95039729166666671E+000	 60194854112277589E+000	 58618100893549248E-003	-53340759273359417E-001	 75389627336811813E+001
 95199979166666662E+000	 58331928594087428E+000	 34914436253847478E-005	-53340759273359417E-001	 10961777507816792E+002
 95360270833333338E+000	 56003178561250024E+000	 34914436253847478E-005	 75909122609084969E-015	 14269321278780384E+002
 95520541666666663E+000	 54140178534980112E+000	 34914436253847478E-005	-53340759273359417E-001	 24941062059925478E+001
 95680791666666671E+000	 52277253016789951E+000	 34914436253847478E-005	-53340759273359417E-001	 55798370950873306E+001
 95840999999999994E+000	 50414252990520030E+000	 34914436253847478E-005	-53340759273359417E-001	 85545108040888124E+001
 96001250000000002E+000	 48551327472329868E+000	 34914436253847478E-005	-53340759273359417E-001	 11417944881336643E+002
 96161520833333327E+000	 46688327446059947E+000	 58618100893549248E-003	 75909122609084969E-015	 14177673714246851E+002
 96321812500000004E+000	 44825327419790026E+000	 58618100893549248E-003	 75909122609084969E-015	 18423095241174906E+001
 96488479166666661E+000	 42496651895032391E+000	 58618100893549248E-003	 75909122609084969E-015	 44700798723634868E+001
 96655416666666660E+000	 40633651868762470E+000	 58618100893549248E-003	 75909122609084969E-015	 69698402357519086E+001
 96822291666666676E+000	 38770726350572309E+000	 58618100893549248E-003	-53340759273359417E-001	 93495572975776412E+001
 96989208333333341E+000	 36441976317734910E+000	 58618100893549248E-003	-53340759273359417E-001	 11635395184745467E+002
 97156145833333341E+000	 34578976291464989E+000	 58618100893549248E-003	-53340759273359417E-001	 13822128124064179E+002
 97323062500000006E+000	 32716050773274832E+000	 58618100893549248E-003	-53340759273359417E-001	 88488826157390630E+000
 97489979166666672E+000	 30853050747004911E+000	 58618100893549248E-003	-53340759273359417E-001	 27906310031159876E+001
 97656875000000003E+000	 28524375222247271E+000	 58618100893549248E-003	-53340759273359417E-001	 45829914654272976E+001
 97823812500000003E+000	 26661375195977350E+000	 58618100893549248E-003	-53340759273359417E-001	 62517901311246831E+001
 97990729166666668E+000	 24798375169707429E+000	 58618100893549248E-003	-53340759273359417E-001	 78016074589204166E+001
 98157666666666668E+000	 22469699644949790E+000	 58618100893549248E-003	-53340759273359417E-001	 92351143399502078E+001
 98324583333333333E+000	 20606699618679873E+000	 58618100893549248E-003	-53340759273359417E-001	 10548104942126892E+002
 98491499999999998E+000	 18743774100489712E+000	 58618100893549248E-003	-53340759273359417E-001	 11738943570948143E+002
 98658437499999998E+000	 16415024067652313E+000	 58618100893549248E-003	 75909122609084969E-015	 12808259335385543E+002
 98825354166666664E+000	 14552098549462151E+000	 58618100893549248E-003	-53340759273359417E-001	 13757935259512237E+002
 98992270833333329E+000	 12689098523192233E+000	 58618100893549248E-003	-53340759273359417E-001	 14590001055183427E+002
 99159208333333329E+000	 10826098496922312E+000	 58618100893549248E-003	-53340759273359417E-001	 32292854201278152E+000
 99326083333333326E+000	 84974229721646721E-001	 58618100893549248E-003	-53340759273359417E-001	 91105166202491272E+000
 99493020833333325E+000	 66344229458947535E-001	 58618100893549248E-003	-53340759273359417E-001	 13785705463957640E+001
 99659958333333325E+000	 47714974277045918E-001	 58618100893549248E-003	-53340759273359417E-001	 17272172844558739E+001
 99826875000000008E+000	 24427473948671932E-001	 58618100893549248E-003	-53340759273359417E-001	 19536137543763065E+001
 99993812500000008E+000	 57974736859727406E-002	 58618100893549248E-003	-53340759273359417E-001	 20601237808689955E+001
 10016070833333334E+001	 00000000000000000E+000	 58618100893549248E-003	-53340759273359417E-001	 20613172885448776E+001
